1 0.31547 -0.45053 0.09000 0.00000 0.00000 0.02500 62.00
2 0.31547 -0.45053 0.09000 0.00000 0.00000 0.02500 62.00
3 0.31547 -0.45053 0.09000 0.00000 0.00000 0.02500 62.00
4 0.31547 -0.45053 0.09000 0.00000 0.00000 0.02500 62.00
5 0.31547 -0.45053 0.09000 0.00000 0.00000 0.02500 62.00
6 0.31547 -0.45053 0.09000 0.00000 0.00000 0.02500 62.00
7 0.31547 -0.45053 0.09000 0.00000 0.00000 0.02500 62.00
8 0.31547 -0.45053 0.09000 0.00000 0.00000 0.02500 62.00
9 0.31547 -0.45053 0.09000 0.00000 0.00000 0.02500 62.00
10 0.31547 -0.45053 0.09000 0.00000 0.00000 0.02500 62.00
11 0.31547 -0.45053 0.09000 0.00000 0.00000 0.02500 62.00
12 0.31547 -0.45053 0.09000 0.00000 0.00000 0.02500 62.00
13 0.31547 -0.45053 0.09000 0.00000 0.00000 0.02500 62.00
14 0.31547 -0.45053 0.09000 0.00000 0.00000 0.02500 62.00
15 0.31547 -0.45053 0.09000 0.00000 0.00000 0.02500 62.00
16 0.31547 -0.45053 0.09000 0.00000 0.00000 0.02500 62.00
17 0.31547 -0.45053 0.09000 0.00000 0.00000 0.02500 62.00
18 0.31547 -0.45053 0.09000 0.00000 0.00000 0.02500 62.00
19 0.31547 -0.45053 0.09000 0.00000 0.00000 0.02500 62.00
20 0.31547 -0.45053 0.09000 0.00000 0.00000 0.02500 62.00
21 0.31547 -0.45053 0.09000 0.00000 0.00000 0.02500 62.00
22 0.31547 -0.45053 0.09000 0.00000 0.00000 0.02500 62.00
23 0.31547 -0.45053 0.09000 0.00000 0.00000 0.02500 62.00
24 0.31547 -0.45053 0.09000 0.00000 0.00000 0.02500 62.00
25 0.31547 -0.45053 0.09000 0.00000 0.00000 0.02500 62.00
26 0.31547 -0.45053 0.09000 0.00000 0.00000 0.02500 62.00
27 0.31547 -0.45053 0.09000 0.00000 0.00000 0.02500 62.00
28 0.31547 -0.45053 0.09000 0.00000 0.00000 0.02500 62.00
29 0.31547 -0.45053 0.09000 0.00000 0.00000 0.02500 62.00
30 0.31547 -0.45053 0.09000 0.00000 0.00000 0.02500 62.00
31 0.31547 -0.45053 0.09000 0.00000 0.00000 0.02500 62.00
32 0.31547 -0.45053 0.09000 0.00000 0.00000 0.02500 62.00
33 0.31547 -0.45053 0.09000 0.00000 0.00000 0.02500 62.00
34 0.31547 -0.45053 0.09000 0.00000 0.00000 0.02500 62.00
35 0.31547 -0.45053 0.09000 0.00000 0.00000 0.02500 62.00
36 0.31547 -0.45053 0.09000 0.00000 0.00000 0.02500 62.00
37 0.31547 -0.45053 0.09000 0.00000 0.00000 0.02500 62.00
38 0.31547 -0.45053 0.09000 0.00000 0.00000 0.02500 62.00
39 0.31547 -0.45053 0.09000 0.00000 0.00000 0.02500 62.00
40 0.31547 -0.45053 0.09000 0.00000 0.00000 0.02500 62.00
41 0.31547 -0.45053 0.09000 0.00000 0.00000 0.02500 62.00
42 0.31547 -0.45053 0.09000 0.00000 0.00000 0.02500 62.00
43 0.31547 -0.45053 0.09000 0.00000 0.00000 0.02500 62.00
44 0.31547 -0.45053 0.09000 0.00000 0.00000 0.02500 62.00
45 0.31547 -0.45053 0.09000 0.00000 0.00000 0.02500 62.00
46 0.31547 -0.45053 0.09000 0.00000 0.00000 0.02500 62.00
47 0.31547 -0.45053 0.09000 0.00000 0.00000 0.02500 62.00
48 0.31547 -0.45053 0.09000 0.00000 0.00000 0.02500 62.00
49 0.31547 -0.45053 0.09000 0.00000 0.00000 0.02500 62.00
50 0.31547 -0.45053 0.09000 0.00000 0.00000 0.02500 62.00
51 0.31547 -0.45053 0.09000 0.00000 0.00000 0.02500 62.00
52 0.31547 -0.45053 0.09000 0.00000 0.00000 0.02500 62.00
53 0.31547 -0.45053 0.09000 0.00000 0.00000 0.02500 62.00
54 0.31547 -0.45053 0.09000 0.00000 0.00000 0.02500 62.00
55 0.31547 -0.45053 0.09000 0.00000 0.00000 0.02500 62.00
56 0.31547 -0.45053 0.09000 0.00000 0.00000 0.02500 62.00
57 0.31547 -0.45053 0.09000 0.00000 0.00000 0.02500 62.00
58 0.31547 -0.45053 0.09000 0.00000 0.00000 0.02500 62.00
59 0.31547 -0.45053 0.09000 0.00000 0.00000 0.02500 62.00
60 0.31547 -0.45053 0.09000 0.00000 0.00000 0.02500 62.00
61 0.31547 -0.45053 0.09000 0.00000 0.00000 0.02500 62.00
62 0.31547 -0.45053 0.09000 0.00000 0.00000 0.02500 62.00
63 0.31547 -0.45053 0.09000 0.00000 -0.00023 0.02500 62.00
64 0.31547 -0.45053 0.09000 0.00000 -0.00091 0.02500 62.00
65 0.31547 -0.45053 0.09000 0.00000 -0.00199 0.02500 62.00
66 0.31547 -0.45053 0.09000 0.00000 -0.00343 0.02500 62.00
67 0.31547 -0.45053 0.09000 0.00000 -0.00520 0.02500 62.00
68 0.31547 -0.45053 0.09000 0.00000 -0.00726 0.02500 62.00
69 0.31547 -0.45053 0.09000 0.00000 -0.00956 0.02500 62.00
70 0.31547 -0.45053 0.09000 0.00000 -0.01208 0.02500 62.00
71 0.31547 -0.45053 0.09000 0.00000 -0.01477 0.02500 62.00
72 0.31547 -0.45053 0.09000 0.00000 -0.01760 0.02500 62.00
73 0.31547 -0.45053 0.09000 0.00000 -0.02052 0.02500 62.00
74 0.31547 -0.45053 0.09000 0.00000 -0.02350 0.02500 62.00
75 0.31547 -0.45053 0.09000 0.00000 -0.02650 0.02500 62.00
76 0.31547 -0.45053 0.09000 0.00000 -0.02948 0.02500 62.00
77 0.31547 -0.45053 0.09000 0.00000 -0.03240 0.02500 62.00
78 0.31547 -0.45053 0.09000 0.00000 -0.03523 0.02500 62.00
79 0.31547 -0.45053 0.09000 0.00000 -0.03792 0.02500 62.00
80 0.31547 -0.45053 0.09000 0.00000 -0.04044 0.02500 62.00
81 0.31547 -0.45053 0.09000 0.00000 -0.04274 0.02500 62.00
82 0.31547 -0.45053 0.09000 0.00000 -0.04480 0.02500 62.00
83 0.31547 -0.45053 0.09000 0.00000 -0.04657 0.02500 62.00
84 0.31547 -0.45053 0.09000 0.00000 -0.04801 0.02500 62.00
85 0.31547 -0.45053 0.09000 0.00000 -0.04909 0.02500 62.00
86 0.31547 -0.45053 0.09000 0.00000 -0.04977 0.02500 62.00
87 0.31547 -0.45053 0.09000 0.00000 -0.05000 0.02500 62.00
88 0.31547 -0.45053 0.09000 0.00000 -0.05023 0.02500 62.00
89 0.31547 -0.45053 0.09000 0.00000 -0.05091 0.02500 62.00
90 0.31547 -0.45053 0.09000 0.00000 -0.05199 0.02500 62.00
91 0.31547 -0.45053 0.09000 0.00000 -0.05343 0.02500 62.00
92 0.31547 -0.45053 0.09000 0.00000 -0.05520 0.02500 62.00
93 0.31547 -0.45053 0.09000 0.00000 -0.05726 0.02500 62.00
94 0.31547 -0.45053 0.09000 0.00000 -0.05956 0.02500 62.00
95 0.31547 -0.45053 0.09000 0.00000 -0.06208 0.02500 62.00
96 0.31547 -0.45053 0.09000 0.00000 -0.06477 0.02500 62.00
97 0.31547 -0.45053 0.09000 0.00000 -0.06760 0.02500 62.00
98 0.31547 -0.45053 0.09000 0.00000 -0.07052 0.02500 62.00
99 0.31547 -0.45053 0.09000 0.00000 -0.07350 0.02500 62.00
100 0.31547 -0.45053 0.09000 0.00000 -0.07650 0.02500 62.00
101 0.31547 -0.45053 0.09000 0.00000 -0.07948 0.02500 62.00
102 0.31547 -0.45053 0.09000 0.00000 -0.08240 0.02500 62.00
103 0.31547 -0.45053 0.09000 0.00000 -0.08523 0.02500 62.00
104 0.31547 -0.45053 0.09000 0.00000 -0.08792 0.02500 62.00
105 0.31547 -0.45053 0.09000 0.00000 -0.09044 0.02500 62.00
106 0.31547 -0.45053 0.09000 0.00000 -0.09274 0.02500 62.00
107 0.31547 -0.45053 0.09000 0.00000 -0.09480 0.02500 62.00
108 0.31547 -0.45053 0.09000 0.00000 -0.09657 0.02500 62.00
109 0.31547 -0.45053 0.09000 0.00000 -0.09801 0.02500 62.00
110 0.31547 -0.45053 0.09000 0.00000 -0.09909 0.02500 62.00
111 0.31547 -0.45053 0.09000 0.00000 -0.09977 0.02500 62.00
112 0.31547 -0.45053 0.09000 0.00000 -0.10000 0.02500 62.00
113 0.31547 -0.45053 0.09000 0.00000 -0.10019 0.02500 62.00
114 0.31547 -0.45053 0.09000 0.00000 -0.10073 0.02500 62.00
115 0.31547 -0.45053 0.09000 0.00000 -0.10159 0.02500 62.00
116 0.31547 -0.45053 0.09000 0.00000 -0.10274 0.02500 62.00
117 0.31547 -0.45053 0.09000 0.00000 -0.10416 0.02500 62.00
118 0.31547 -0.45053 0.09000 0.00000 -0.10581 0.02500 62.00
119 0.31547 -0.45053 0.09000 0.00000 -0.10765 0.02500 62.00
120 0.31547 -0.45053 0.09000 0.00000 -0.10967 0.02500 62.00
121 0.31547 -0.45053 0.09000 0.00000 -0.11182 0.02500 62.00
122 0.31547 -0.45053 0.09000 0.00000 -0.11408 0.02500 62.00
123 0.31547 -0.45053 0.09000 0.00000 -0.11642 0.02500 62.00
124 0.31547 -0.45053 0.09000 0.00000 -0.11880 0.02500 62.00
125 0.31547 -0.45053 0.09000 0.00000 -0.12120 0.02500 62.00
126 0.31547 -0.45053 0.09000 0.00000 -0.12358 0.02500 62.00
127 0.31547 -0.45053 0.09000 0.00000 -0.12592 0.02500 62.00
128 0.31547 -0.45053 0.09000 0.00000 -0.12818 0.02500 62.00
129 0.31547 -0.45053 0.09000 0.00000 -0.13033 0.02500 62.00
130 0.31547 -0.45053 0.09000 0.00000 -0.13235 0.02500 62.00
131 0.31547 -0.45053 0.09000 0.00000 -0.13419 0.02500 62.00
132 0.31547 -0.45053 0.09000 0.00000 -0.13584 0.02500 62.00
133 0.31547 -0.45053 0.09000 0.00000 -0.13726 0.02500 62.00
134 0.31547 -0.45053 0.09000 0.00000 -0.13841 0.02500 62.00
135 0.31547 -0.45053 0.09000 0.00000 -0.13927 0.02500 62.00
136 0.31547 -0.45053 0.09000 0.00000 -0.13981 0.02500 62.00
137 0.31547 -0.45053 0.09000 0.00000 -0.14000 0.02500 62.00
138 0.31547 -0.45053 0.09000 0.00000 -0.14014 0.02500 62.00
139 0.31547 -0.45053 0.09000 0.00000 -0.14055 0.02500 62.00
140 0.31547 -0.45053 0.09000 0.00000 -0.14119 0.02500 62.00
141 0.31547 -0.45053 0.09000 0.00000 -0.14206 0.02500 62.00
142 0.31547 -0.45053 0.09000 0.00000 -0.14312 0.02500 62.00
143 0.31547 -0.45053 0.09000 0.00000 -0.14435 0.02500 62.00
144 0.31547 -0.45053 0.09000 0.00000 -0.14574 0.02500 62.00
145 0.31547 -0.45053 0.09000 0.00000 -0.14725 0.02500 62.00
146 0.31547 -0.45053 0.09000 0.00000 -0.14886 0.02500 62.00
147 0.31547 -0.45053 0.09000 0.00000 -0.15056 0.02500 62.00
148 0.31547 -0.45053 0.09000 0.00000 -0.15231 0.02500 62.00
149 0.31547 -0.45053 0.09000 0.00000 -0.15410 0.02500 62.00
150 0.31547 -0.45053 0.09000 0.00000 -0.15590 0.02500 62.00
151 0.31547 -0.45053 0.09000 0.00000 -0.15769 0.02500 62.00
152 0.31547 -0.45053 0.09000 0.00000 -0.15944 0.02500 62.00
153 0.31547 -0.45053 0.09000 0.00000 -0.16114 0.02500 62.00
154 0.31547 -0.45053 0.09000 0.00000 -0.16275 0.02500 62.00
155 0.31547 -0.45053 0.09000 0.00000 -0.16426 0.02500 62.00
156 0.31547 -0.45053 0.09000 0.00000 -0.16565 0.02500 62.00
157 0.31547 -0.45053 0.09000 0.00000 -0.16688 0.02500 62.00
158 0.31547 -0.45053 0.09000 0.00000 -0.16794 0.02500 62.00
159 0.31547 -0.45053 0.09000 0.00000 -0.16881 0.02500 62.00
160 0.31547 -0.45053 0.09000 0.00000 -0.16945 0.02500 62.00
161 0.31547 -0.45053 0.09000 0.00000 -0.16986 0.02500 62.00
162 0.31547 -0.45053 0.09000 0.00000 -0.17000 0.02500 62.00
163 0.31547 -0.45053 0.09000 -0.00013 -0.17062 0.02552 62.00
164 0.31547 -0.45053 0.09000 -0.00051 -0.17245 0.02703 62.00
165 0.31547 -0.45053 0.09000 -0.00112 -0.17541 0.02948 62.00
166 0.31547 -0.45053 0.09000 -0.00195 -0.17944 0.03281 62.00
167 0.31547 -0.45053 0.09000 -0.00299 -0.18446 0.03696 62.00
168 0.31547 -0.45053 0.09000 -0.00422 -0.19040 0.04189 62.00
169 0.31547 -0.45053 0.09000 -0.00563 -0.19721 0.04752 62.00
170 0.31547 -0.45053 0.09000 -0.00720 -0.20481 0.05381 62.00
171 0.31547 -0.45053 0.09000 -0.00892 -0.21313 0.06069 62.00
172 0.31547 -0.45053 0.09000 -0.01078 -0.22210 0.06812 62.00
173 0.31547 -0.45053 0.09000 -0.01276 -0.23165 0.07602 62.00
174 0.31547 -0.45053 0.09000 -0.01484 -0.24173 0.08436 62.00
175 0.31547 -0.45053 0.09000 -0.01702 -0.25224 0.09306 62.00
176 0.31547 -0.45053 0.09000 -0.01927 -0.26314 0.10208 62.00
177 0.31547 -0.45053 0.09000 -0.02159 -0.27434 0.11135 62.00
178 0.31547 -0.45053 0.09000 -0.02396 -0.28579 0.12082 62.00
179 0.31547 -0.45053 0.09000 -0.02636 -0.29740 0.13044 62.00
180 0.31547 -0.45053 0.09000 -0.02878 -0.30912 0.14014 62.00
181 0.31547 -0.45053 0.09000 -0.03122 -0.32088 0.14986 62.00
182 0.31547 -0.45053 0.09000 -0.03364 -0.33260 0.15956 62.00
183 0.31547 -0.45053 0.09000 -0.03604 -0.34421 0.16918 62.00
184 0.31547 -0.45053 0.09000 -0.03841 -0.35566 0.17865 62.00
185 0.31547 -0.45053 0.09000 -0.04073 -0.36686 0.18792 62.00
186 0.31547 -0.45053 0.09000 -0.04298 -0.37776 0.19694 62.00
187 0.31547 -0.45053 0.09000 -0.04516 -0.38827 0.20564 62.00
188 0.31547 -0.45053 0.09000 -0.04724 -0.39835 0.21398 62.00
189 0.31547 -0.45053 0.09000 -0.04922 -0.40790 0.22188 62.00
190 0.31547 -0.45053 0.09000 -0.05108 -0.41687 0.22931 62.00
191 0.31547 -0.45053 0.09000 -0.05280 -0.42519 0.23619 62.00
192 0.31547 -0.45053 0.09000 -0.05437 -0.43279 0.24248 62.00
193 0.31547 -0.45053 0.09000 -0.05578 -0.43960 0.24811 62.00
194 0.31547 -0.45053 0.09000 -0.05701 -0.44554 0.25304 62.00
195 0.31547 -0.45053 0.09000 -0.05805 -0.45056 0.25719 62.00
196 0.31547 -0.45053 0.09000 -0.05888 -0.45459 0.26052 62.00
197 0.31547 -0.45053 0.09000 -0.05949 -0.45755 0.26297 62.00
198 0.31547 -0.45053 0.09000 -0.05987 -0.45938 0.26448 62.00
199 0.31547 -0.45053 0.09000 -0.06000 -0.46000 0.26500 62.00
200 0.31547 -0.45053 0.09001 -0.05986 -0.46071 0.26545 62.00
201 0.31547 -0.45053 0.09005 -0.05943 -0.46281 0.26677 62.00
202 0.31547 -0.45053 0.09010 -0.05874 -0.46625 0.26893 62.00
203 0.31547 -0.45053 0.09018 -0.05778 -0.47098 0.27191 62.00
204 0.31547 -0.45053 0.09028 -0.05657 -0.47696 0.27567 62.00
205 0.31547 -0.45053 0.09040 -0.05512 -0.48414 0.28019 62.00
206 0.31547 -0.45053 0.09055 -0.05343 -0.49247 0.28543 62.00
207 0.31547 -0.45053 0.09071 -0.05152 -0.50191 0.29137 62.00
208 0.31547 -0.45053 0.09090 -0.04940 -0.51240 0.29797 62.00
209 0.31547 -0.45053 0.09111 -0.04707 -0.52391 0.30521 62.00
210 0.31547 -0.45053 0.09134 -0.04455 -0.53639 0.31306 62.00
211 0.31547 -0.45053 0.09159 -0.04184 -0.54978 0.32149 62.00
212 0.31547 -0.45053 0.09186 -0.03896 -0.56404 0.33046 62.00
213 0.31547 -0.45053 0.09215 -0.03591 -0.57912 0.33995 62.00
214 0.31547 -0.45053 0.09246 -0.03270 -0.59498 0.34993 62.00
215 0.31547 -0.45053 0.09278 -0.02935 -0.61157 0.36037 62.00
216 0.31547 -0.45053 0.09313 -0.02585 -0.62884 0.37124 62.00
217 0.31547 -0.45053 0.09350 -0.02223 -0.64675 0.38251 62.00
218 0.31547 -0.45053 0.09389 -0.01849 -0.66525 0.39414 62.00
219 0.31547 -0.45053 0.09429 -0.01464 -0.68428 0.40612 62.00
220 0.31547 -0.45053 0.09472 -0.01069 -0.70381 0.41841 62.00
221 0.31547 -0.45053 0.09516 -0.00665 -0.72379 0.43098 62.00
222 0.31547 -0.45053 0.09562 -0.00253 -0.74417 0.44380 62.00
223 0.31547 -0.45053 0.09610 0.00167 -0.76490 0.45685 62.00
224 0.31547 -0.45053 0.09659 0.00592 -0.78594 0.47008 62.00
225 0.31547 -0.45053 0.09711 0.01023 -0.80723 0.48348 62.00
226 0.31547 -0.45053 0.09764 0.01458 -0.82874 0.49701 62.00
227 0.31547 -0.45053 0.09819 0.01896 -0.85041 0.51065 62.00
228 0.31547 -0.45053 0.09875 0.02337 -0.87220 0.52436 62.00
229 0.31547 -0.45053 0.09933 0.02779 -0.89406 0.53812 62.00
230 0.31547 -0.45053 0.09993 0.03221 -0.91594 0.55188 62.00
231 0.31547 -0.45053 0.10054 0.03663 -0.93780 0.56564 62.00
232 0.31547 -0.45053 0.10117 0.04104 -0.95959 0.57935 62.00
233 0.31547 -0.45053 0.10182 0.04542 -0.98126 0.59299 62.00
234 0.31547 -0.45053 0.10248 0.04977 -1.00277 0.60652 62.00
235 0.31547 -0.45053 0.10316 0.05408 -1.02406 0.61992 62.00
236 0.31547 -0.45053 0.10385 0.05833 -1.04510 0.63315 62.00
237 0.31547 -0.45053 0.10456 0.06253 -1.06583 0.64620 62.00
238 0.31547 -0.45053 0.10528 0.06665 -1.08621 0.65902 62.00
239 0.31547 -0.45053 0.10601 0.07069 -1.10619 0.67159 62.00
240 0.31547 -0.45053 0.10676 0.07464 -1.12572 0.68388 62.00
241 0.31547 -0.45053 0.10753 0.07849 -1.14475 0.69586 62.00
242 0.31547 -0.45053 0.10830 0.08223 -1.16325 0.70749 62.00
243 0.31547 -0.45053 0.10909 0.08585 -1.18116 0.71876 62.00
244 0.31547 -0.45053 0.10990 0.08935 -1.19843 0.72963 62.00
245 0.31547 -0.45053 0.11072 0.09270 -1.21502 0.74007 62.00
246 0.31547 -0.45053 0.11155 0.09591 -1.23088 0.75005 62.00
247 0.31547 -0.45053 0.11239 0.09896 -1.24596 0.75954 62.00
248 0.31547 -0.45053 0.11325 0.10184 -1.26022 0.76851 62.00
249 0.31547 -0.45053 0.11411 0.10455 -1.27361 0.77694 62.00
250 0.31547 -0.45053 0.11499 0.10707 -1.28609 0.78479 62.00
251 0.31547 -0.45053 0.11589 0.10940 -1.29760 0.79203 62.00
252 0.31547 -0.45053 0.11679 0.11152 -1.30809 0.79863 62.00
253 0.31547 -0.45053 0.11770 0.11343 -1.31753 0.80457 62.00
254 0.31547 -0.45053 0.11863 0.11512 -1.32586 0.80981 62.00
255 0.31547 -0.45053 0.11957 0.11657 -1.33304 0.81433 62.00
256 0.31547 -0.45053 0.12052 0.11778 -1.33902 0.81809 62.00
257 0.31547 -0.45053 0.12147 0.11874 -1.34375 0.82107 62.00
258 0.31547 -0.45053 0.12244 0.11943 -1.34719 0.82323 62.00
259 0.31547 -0.45053 0.12342 0.11986 -1.34929 0.82455 62.00
260 0.31547 -0.45053 0.12441 0.12000 -1.35000 0.82500 62.00
261 0.31547 -0.45053 0.12541 0.12080 -1.35361 0.82660 62.00
262 0.31547 -0.45053 0.12642 0.12309 -1.36391 0.83118 62.00
263 0.31547 -0.45053 0.12743 0.12669 -1.38011 0.83838 62.00
264 0.31547 -0.45053 0.12846 0.13143 -1.40144 0.84786 62.00
265 0.31547 -0.45053 0.12949 0.13713 -1.42709 0.85926 62.00
266 0.31547 -0.45053 0.13054 0.14362 -1.45628 0.87224 62.00
267 0.31547 -0.45053 0.13159 0.15072 -1.48823 0.88644 62.00
268 0.31547 -0.45053 0.13265 0.15826 -1.52215 0.90151 62.00
269 0.31547 -0.45053 0.13372 0.16606 -1.55725 0.91711 62.00
270 0.31547 -0.45053 0.13479 0.17394 -1.59275 0.93289 62.00
271 0.31547 -0.45053 0.13587 0.18174 -1.62785 0.94849 62.00
272 0.31547 -0.45053 0.13697 0.18928 -1.66177 0.96356 62.00
273 0.31547 -0.45053 0.13806 0.19638 -1.69372 0.97776 62.00
274 0.31547 -0.45053 0.13917 0.20287 -1.72291 0.99074 62.00
275 0.31547 -0.45053 0.14028 0.20857 -1.74856 1.00214 62.00
276 0.31547 -0.45053 0.14139 0.21331 -1.76989 1.01162 62.00
277 0.31547 -0.45053 0.14252 0.21691 -1.78609 1.01882 62.00
278 0.31547 -0.45053 0.14365 0.21920 -1.79639 1.02340 62.00
279 0.31547 -0.45053 0.14478 0.22000 -1.80000 1.02500 62.00
280 0.31547 -0.45053 0.14592 0.22050 -1.80116 1.02560 62.00
281 0.31547 -0.45053 0.14707 0.22199 -1.80457 1.02737 62.00
282 0.31547 -0.45053 0.14822 0.22442 -1.81018 1.03026 62.00
283 0.31547 -0.45053 0.14938 0.22777 -1.81789 1.03425 62.00
284 0.31547 -0.45053 0.15054 0.23200 -1.82763 1.03929 62.00
285 0.31547 -0.45053 0.15170 0.23709 -1.83933 1.04534 62.00
286 0.31547 -0.45053 0.15287 0.24298 -1.85290 1.05236 62.00
287 0.31547 -0.45053 0.15404 0.24967 -1.86828 1.06032 62.00
288 0.31547 -0.45053 0.15522 0.25710 -1.88538 1.06916 62.00
289 0.31547 -0.45053 0.15640 0.26524 -1.90413 1.07886 62.00
290 0.31547 -0.45053 0.15759 0.27407 -1.92445 1.08937 62.00
291 0.31547 -0.45053 0.15877 0.28355 -1.94626 1.10065 62.00
292 0.31547 -0.45053 0.15996 0.29364 -1.96950 1.11267 62.00
293 0.31547 -0.45053 0.16116 0.30432 -1.99407 1.12538 62.00
294 0.31547 -0.45053 0.16235 0.31555 -2.01991 1.13875 62.00
295 0.31547 -0.45053 0.16355 0.32729 -2.04694 1.15273 62.00
296 0.31547 -0.45053 0.16475 0.33952 -2.07508 1.16728 62.00
297 0.31547 -0.45053 0.16595 0.35219 -2.10426 1.18237 62.00
298 0.31547 -0.45053 0.16715 0.36529 -2.13439 1.19796 62.00
299 0.31547 -0.45053 0.16836 0.37876 -2.16541 1.21400 62.00
300 0.31547 -0.45053 0.16956 0.39259 -2.19722 1.23046 62.00
301 0.31547 -0.45053 0.17077 0.40673 -2.22977 1.24730 62.00
302 0.31547 -0.45053 0.17198 0.42115 -2.26297 1.26447 62.00
303 0.31547 -0.45053 0.17319 0.43583 -2.29675 1.28194 62.00
304 0.31547 -0.45053 0.17440 0.45072 -2.33102 1.29967 62.00
305 0.31547 -0.45053 0.17560 0.46579 -2.36571 1.31761 62.00
306 0.31547 -0.45053 0.17681 0.48102 -2.40075 1.33573 62.00
307 0.31547 -0.45053 0.17802 0.49636 -2.43606 1.35400 62.00
308 0.31547 -0.45053 0.17923 0.51178 -2.47156 1.37236 62.00
309 0.31547 -0.45053 0.18044 0.52725 -2.50717 1.39078 62.00
310 0.31547 -0.45053 0.18164 0.54275 -2.54283 1.40922 62.00
311 0.31547 -0.45053 0.18285 0.55822 -2.57844 1.42764 62.00
312 0.31547 -0.45053 0.18405 0.57364 -2.61394 1.44600 62.00
313 0.31547 -0.45053 0.18525 0.58898 -2.64925 1.46427 62.00
314 0.31547 -0.45053 0.18645 0.60421 -2.68429 1.48239 62.00
315 0.31547 -0.45053 0.18765 0.61928 -2.71898 1.50033 62.00
316 0.31547 -0.45053 0.18884 0.63417 -2.75325 1.51806 62.00
317 0.31547 -0.45053 0.19004 0.64885 -2.78703 1.53553 62.00
318 0.31547 -0.45053 0.19123 0.66327 -2.82023 1.55270 62.00
319 0.31547 -0.45053 0.19241 0.67741 -2.85278 1.56954 62.00
320 0.31547 -0.45053 0.19360 0.69124 -2.88459 1.58600 62.00
321 0.31547 -0.45053 0.19478 0.70471 -2.91561 1.60204 62.00
322 0.31547 -0.45053 0.19596 0.71781 -2.94574 1.61763 62.00
323 0.31547 -0.45053 0.19713 0.73048 -2.97492 1.63272 62.00
324 0.31547 -0.45053 0.19830 0.74271 -3.00306 1.64727 62.00
325 0.31547 -0.45053 0.19946 0.75445 -3.03009 1.66125 62.00
326 0.31547 -0.45053 0.20062 0.76568 -3.05593 1.67462 62.00
327 0.31547 -0.45053 0.20178 0.77636 -3.08050 1.68733 62.00
328 0.31547 -0.45053 0.20293 0.78645 -3.10374 1.69935 62.00
329 0.31547 -0.45053 0.20408 0.79593 -3.12555 1.71063 62.00
330 0.31547 -0.45053 0.20522 0.80476 -3.14587 1.72114 62.00
331 0.31547 -0.45053 0.20635 0.81290 -3.16462 1.73084 62.00
332 0.31547 -0.45053 0.20748 0.82033 -3.18172 1.73968 62.00
333 0.31547 -0.45053 0.20861 0.82702 -3.19710 1.74764 62.00
334 0.31547 -0.45053 0.20972 0.83291 -3.21067 1.75466 62.00
335 0.31547 -0.45053 0.21083 0.83800 -3.22237 1.76071 62.00
336 0.31547 -0.45053 0.21194 0.84223 -3.23211 1.76575 62.00
337 0.31547 -0.45053 0.21303 0.84558 -3.23982 1.76974 62.00
338 0.31547 -0.45053 0.21413 0.84801 -3.24543 1.77263 62.00
339 0.31547 -0.45053 0.21521 0.84950 -3.24884 1.77440 62.00
340 0.31547 -0.45053 0.21628 0.85000 -3.25000 1.77500 62.00
341 0.31547 -0.45053 0.21735 0.85241 -3.25401 1.77700 62.00
342 0.31547 -0.45053 0.21841 0.85927 -3.26545 1.78273 62.00
343 0.31547 -0.45053 0.21946 0.87008 -3.28346 1.79173 62.00
344 0.31547 -0.45053 0.22051 0.88429 -3.30715 1.80358 62.00
345 0.31547 -0.45053 0.22154 0.90139 -3.33565 1.81783 62.00
346 0.31547 -0.45053 0.22257 0.92086 -3.36809 1.83405 62.00
347 0.31547 -0.45053 0.22358 0.94216 -3.40359 1.85180 62.00
348 0.31547 -0.45053 0.22459 0.96477 -3.44128 1.87064 62.00
349 0.31547 -0.45053 0.22559 0.98817 -3.48028 1.89014 62.00
350 0.31547 -0.45053 0.22658 1.01183 -3.51972 1.90986 62.00
351 0.31547 -0.45053 0.22756 1.03523 -3.55872 1.92936 62.00
352 0.31547 -0.45053 0.22853 1.05784 -3.59641 1.94820 62.00
353 0.31547 -0.45053 0.22948 1.07914 -3.63191 1.96595 62.00
354 0.31547 -0.45053 0.23043 1.09861 -3.66435 1.98217 62.00
355 0.31547 -0.45053 0.23137 1.11571 -3.69285 1.99642 62.00
356 0.31547 -0.45053 0.23230 1.12992 -3.71654 2.00827 62.00
357 0.31547 -0.45053 0.23321 1.14073 -3.73455 2.01727 62.00
358 0.31547 -0.45053 0.23411 1.14759 -3.74599 2.02300 62.00
359 0.31547 -0.45053 0.23501 1.15000 -3.75000 2.02500 62.00
360 0.31547 -0.45053 0.23589 1.15279 -3.75393 2.02659 62.00
361 0.31547 -0.45053 0.23675 1.16101 -3.76550 2.03129 62.00
362 0.31547 -0.45053 0.23761 1.17444 -3.78441 2.03896 62.00
363 0.31547 -0.45053 0.23845 1.19285 -3.81034 2.04949 62.00
364 0.31547 -0.45053 0.23928 1.21603 -3.84298 2.06273 62.00
365 0.31547 -0.45053 0.24010 1.24375 -3.88202 2.07857 62.00
366 0.31547 -0.45053 0.24091 1.27580 -3.92714 2.09688 62.00
367 0.31547 -0.45053 0.24170 1.31194 -3.97804 2.11754 62.00
368 0.31547 -0.45053 0.24247 1.35196 -4.03440 2.14041 62.00
369 0.31547 -0.45053 0.24324 1.39564 -4.09591 2.16537 62.00
370 0.31547 -0.45053 0.24399 1.44276 -4.16225 2.19229 62.00
371 0.31547 -0.45053 0.24472 1.49309 -4.23313 2.22105 62.00
372 0.31547 -0.45053 0.24544 1.54641 -4.30821 2.25152 62.00
373 0.31547 -0.45053 0.24615 1.60250 -4.38720 2.28357 62.00
374 0.31547 -0.45053 0.24684 1.66114 -4.46977 2.31708 62.00
375 0.31547 -0.45053 0.24752 1.72211 -4.55563 2.35192 62.00
376 0.31547 -0.45053 0.24818 1.78519 -4.64444 2.38796 62.00
377 0.31547 -0.45053 0.24883 1.85014 -4.73591 2.42508 62.00
378 0.31547 -0.45053 0.24946 1.91676 -4.82973 2.46315 62.00
379 0.31547 -0.45053 0.25007 1.98482 -4.92557 2.50204 62.00
380 0.31547 -0.45053 0.25067 2.05410 -5.02312 2.54163 62.00
381 0.31547 -0.45053 0.25125 2.12438 -5.12208 2.58179 62.00
382 0.31547 -0.45053 0.25181 2.19543 -5.22214 2.62239 62.00
383 0.31547 -0.45053 0.25236 2.26704 -5.32297 2.66331 62.00
384 0.31547 -0.45053 0.25289 2.33898 -5.42427 2.70441 62.00
385 0.31547 -0.45053 0.25341 2.41102 -5.52573 2.74559 62.00
386 0.31547 -0.45053 0.25390 2.48296 -5.62703 2.78669 62.00
387 0.31547 -0.45053 0.25438 2.55457 -5.72786 2.82761 62.00
388 0.31547 -0.45053 0.25484 2.62562 -5.82792 2.86821 62.00
389 0.31547 -0.45053 0.25528 2.69590 -5.92688 2.90837 62.00
390 0.31547 -0.45053 0.25571 2.76518 -6.02443 2.94796 62.00
391 0.31547 -0.45053 0.25611 2.83324 -6.12027 2.98685 62.00
392 0.31547 -0.45053 0.25650 2.89986 -6.21409 3.02492 62.00
393 0.31547 -0.45053 0.25687 2.96481 -6.30556 3.06204 62.00
394 0.31547 -0.45053 0.25722 3.02789 -6.39437 3.09808 62.00
395 0.31547 -0.45053 0.25754 3.08886 -6.48023 3.13292 62.00
396 0.31547 -0.45053 0.25785 3.14750 -6.56280 3.16643 62.00
397 0.31547 -0.45053 0.25814 3.20359 -6.64179 3.19848 62.00
398 0.31547 -0.45053 0.25841 3.25691 -6.71687 3.22895 62.00
399 0.31547 -0.45053 0.25866 3.30724 -6.78775 3.25771 62.00
400 0.31547 -0.45053 0.25889 3.35436 -6.85409 3.28463 62.00
401 0.31547 -0.45053 0.25910 3.39804 -6.91560 3.30959 62.00
402 0.31547 -0.45053 0.25929 3.43806 -6.97196 3.33246 62.00
403 0.31547 -0.45053 0.25945 3.47420 -7.02286 3.35312 62.00
404 0.31547 -0.45053 0.25960 3.50625 -7.06798 3.37143 62.00
405 0.31547 -0.45053 0.25972 3.53397 -7.10702 3.38727 62.00
406 0.31547 -0.45053 0.25982 3.55715 -7.13966 3.40051 62.00
407 0.31547 -0.45053 0.25990 3.57556 -7.16559 3.41104 62.00
408 0.31547 -0.45053 0.25995 3.58899 -7.18450 3.41871 62.00
409 0.31547 -0.45053 0.25999 3.59721 -7.19607 3.42341 62.00
410 0.31547 -0.45053 0.26000 3.60000 -7.20000 3.42500 62.00
